el: Al str: fcc lp: 4.05
v1: 8303.765625
n1: 500
v1pa: 16.60753125
ene0: -1676.5
ene0pa: -3.353
ene1nm: -1672.3051
ene1nmpa: -3.35131282565
ene2m: -1672.4772
ene2mpa: -3.35165771543
ene3v: -1672.4781
ene3vpa: -3.35165951904
evacf: 0.6689
V4: 8298.37618359
vvacf:  11.218089837
vvacfr:  0.675482085096
