bulk:  Al fcc 4.05
interst:  Al
v1: 8303.765625
n1: 500
v1pa: 16.60753125
ene0: -1676.5
ene0pa: -3.353
ene1nm: -1663.6313
ene1nmpa: -3.32062135729
ene2m: -1677.0629
ene2mpa: -3.34743093812
ene3v: -1677.0855
ene3vpa: -3.3474760479
eintf: 2.7675
V4: 8331.56080508
vintf:  11.1876488318
vintfr:  0.673649121198
