bulk:  Fe bcc 2.851
interst:  Fe
v1: 2896.68763137
n1: 250
v1pa: 11.5867505255
ene0: -1069.9995
ene0pa: -4.279998
ene1nm: -1001.8654
ene1nmpa: -3.99149561753
ene2m: -1069.8502
ene2mpa: -4.26235139442
ene3v: -1069.9677
ene3vpa: -4.26281952191
eintf: 4.311798
V4: 2921.85803914
vintf:  13.5836572391
vintfr:  1.1723439811
