Al 4.05
v1: 8303.765625
n1: 500
v1pa: 16.60753125
ene0: -1676.5
ene0pa: -3.353
ene1nm: -1670.9775
ene1nmpa: -3.33528443114
ene2m: -1677.0266
ene2mpa: -3.34735848303
ene3v: -1677.038
ene3vpa: -3.34738123752
eintf: 2.815
V4: 8323.48759163
vintf:  3.11443538104
vintfr:  0.187531508094
