Mg 3.2027793
v1: 11796.9777571
n1: 512
v1pa: 23.0409721818
ene0: -773.17852
ene0pa: -1.51011429688
ene1nm: -764.36721
ene1nmpa: -1.4899945614
ene2m: -773.04457
ene2mpa: -1.50690949318
ene3v: -773.05756
ene3vpa: -1.50693481481
eintf: 1.63107429688
V4: 11833.63878
vintf:  13.6200507974
vintfr:  0.591123095412
