Cu 3.62
v1: 5929.741
n1: 500
v1pa: 11.859482
ene0: -1770.0
ene0pa: -3.54
ene1nm: -1745.9418
ene1nmpa: -3.48491377246
ene2m: -1770.1392
ene2mpa: -3.53321197605
ene3v: -1770.1654
ene3vpa: -3.53326427146
eintf: 3.3746
V4: 5948.65120631
vintf:  7.05072431391
vintfr:  0.594522114365
