Fe 2.851
v1: 2896.68763137
n1: 250
v1pa: 11.5867505255
ene0: -1069.9995
ene0pa: -4.279998
ene1nm: -987.50399
ene1nmpa: -3.93427884462
ene2m: -1069.3797
ene2mpa: -4.26047689243
ene3v: -1069.4986
ene3vpa: -4.26095059761
eintf: 4.780898
V4: 2922.01108191
vintf:  13.736700012
vintfr:  1.18555241021
