bulk:  Si dia 5.431
interst:  Si
v1: 4325.16990576
n1: 216
v1pa: 20.0239347489
ene0: -1000.08
ene0pa: -4.63
ene1nm: -924.64887
ene1nmpa: -4.26105470046
ene2m: -1000.9291
ene2mpa: -4.6125764977
ene3v: -1001.0012
ene3vpa: -4.61290875576
eintf: 3.7088
V4: 4357.09679548
vintf:  11.902954979
vintfr:  0.594436364694
