bulk:  Al fcc 4.05
interst:  Al
v1: 8303.765625
n1: 500
v1pa: 16.60753125
ene0: -1676.5
ene0pa: -3.353
ene1nm: -1669.8883
ene1nmpa: -3.33311037924
ene2m: -1676.5637
ene2mpa: -3.34643453094
ene3v: -1676.5905
ene3vpa: -3.34648802395
eintf: 3.2625
V4: 8334.01741527
vintf:  13.6442590185
vintfr:  0.821570576208
