meamfvals: Cu 3.62 3.54
v1: 5929.741
n1: 500
v1pa: 11.859482
ene0: -1770.0
ene0pa: -3.54
ene1nm: -1762.3989
ene1nmpa: -3.51776227545
ene2m: -1770.7977
ene2mpa: -3.53452634731
ene3v: -1770.8208
ene3vpa: -3.53457245509
eintf: 2.7192
V4: 5947.4898661
vintf:  5.88938410051
vintfr:  0.496597077386
