meamfvals: Fe 2.851 4.28
v1: 2896.68763137
n1: 250
v1pa: 11.5867505255
ene0: -1069.9995
ene0pa: -4.279998
ene1nm: -1055.0614
ene1nmpa: -4.20343187251
ene2m: -1069.3421
ene2mpa: -4.26032709163
ene3v: -1069.4642
ene3vpa: -4.26081354582
eintf: 4.815298
V4: 2922.36985817
vintf:  14.0954762728
vintfr:  1.21651676557
