meamfvals: Fe 2.851 4.28
v1: 2896.68763137
n1: 250
v1pa: 11.5867505255
ene0: -1069.9995
ene0pa: -4.279998
ene1nm: -1041.0056
ene1nmpa: -4.14743266932
ene2m: -1070.3765
ene2mpa: -4.26444820717
ene3v: -1070.4939
ene3vpa: -4.26491593625
eintf: 3.785598
V4: 2921.84927123
vintf:  13.5748893255
vintfr:  1.17158726216
