meamfvals: Mg 3.2027793 -1.51011430257
v1: 11796.9777571
n1: 512
v1pa: 23.0409721818
ene0: -773.17852
ene0pa: -1.51011429688
ene1nm: -769.62895
ene1nmpa: -1.50025136452
ene2m: -773.10555
ene2mpa: -1.50702836257
ene3v: -773.11886
ene3vpa: -1.50705430799
eintf: 1.56977429688
V4: 11833.2446456
vintf:  13.2259163857
vintfr:  0.574017288914
