meamfvals: Al 4.05 3.353
v1: 8303.765625
n1: 500
v1pa: 16.60753125
ene0: -1676.5
ene0pa: -3.353
ene1nm: -1674.259
ene1nmpa: -3.34183433134
ene2m: -1676.8616
ene2mpa: -3.34702914172
ene3v: -1676.879
ene3vpa: -3.34706387226
eintf: 2.974
V4: 8328.13744885
vintf:  7.76429260249
vintfr:  0.467516362643
