meamfvals: Fe 2.851 4.28
v1: 2896.68763137
n1: 250
v1pa: 11.5867505255
ene0: -1069.9995
ene0pa: -4.279998
ene1nm: -1030.9332
ene1nmpa: -4.10730358566
ene2m: -1069.8768
ene2mpa: -4.26245737052
ene3v: -1069.9924
ene3vpa: -4.26291792829
eintf: 4.287098
V4: 2921.64798192
vintf:  13.3736000192
vintfr:  1.1542148931
