meamfvals: Al 4.05 3.353
v1: 8303.765625
n1: 500
v1pa: 16.60753125
ene0: -1676.5
ene0pa: -3.353
ene1nm: -1669.5136
ene1nmpa: -3.33236247505
ene2m: -1677.8362
ene2mpa: -3.3489744511
ene3v: -1677.8437
ene3vpa: -3.34898942116
eintf: 2.0093
V4: 8319.76863939
vintf:  -0.604516861125
vintfr:  -0.0364001639994
