meamfvals: Mg 3.2027793 -1.51011430257
v1: 11796.9777571
n1: 512
v1pa: 23.0409721818
ene0: -773.17852
ene0pa: -1.51011429688
ene1nm: -769.58549
ene1nmpa: -1.50016664717
ene2m: -772.89408
ene2mpa: -1.50661614035
ene3v: -772.90871
ene3vpa: -1.50664465887
eintf: 1.77992429688
V4: 11835.2578394
vintf:  15.2391101648
vintfr:  0.661391804329
