meamfvals: Cu 3.62 3.54
v1: 5929.741
n1: 500
v1pa: 11.859482
ene0: -1770.0
ene0pa: -3.54
ene1nm: -1753.5076
ene1nmpa: -3.50001516966
ene2m: -1770.9236
ene2mpa: -3.53477764471
ene3v: -1770.949
ene3vpa: -3.53482834331
eintf: 2.591
V4: 5948.40118828
vintf:  6.80070627665
vintfr:  0.573440414737
