meamfvals: Cu 3.62 3.54
v1: 5929.741
n1: 500
v1pa: 11.859482
ene0: -1770.0
ene0pa: -3.54
ene1nm: -1765.3248
ene1nmpa: -3.5377250501
ene2m: -1765.3571
ene2mpa: -3.53778977956
ene3v: -1765.3577
ene3vpa: -3.53779098196
evacf: 1.1023
V4: 5926.81741394
vvacf:  8.93589593656
vvacfr:  0.753481133203
