meamfvals: Mg 3.2027793 1.51011430257
v1: 11796.9777571
n1: 512
v1pa: 23.0409721818
ene0: -773.17852
ene0pa: -1.51011429688
ene1nm: -770.57314
ene1nmpa: -1.50797091977
ene2m: -770.77838
ene2mpa: -1.5083725636
ene3v: -770.77877
ene3vpa: -1.50837332681
evacf: 0.889635703125
V4: 11790.5148479
vvacf:  16.5780630635
vvacfr:  0.719503627397
