meamfvals: Al 4.05 3.353
v1: 8303.765625
n1: 500
v1pa: 16.60753125
ene0: -1676.5
ene0pa: -3.353
ene1nm: -1672.3802
ene1nmpa: -3.35146332665
ene2m: -1672.4639
ene2mpa: -3.35163106212
ene3v: -1672.4648
ene3vpa: -3.35163286573
evacf: 0.6822
V4: 8298.14739605
vvacf:  10.9893023021
vvacfr:  0.661705953562
