meamfvals: Si 5.431
v1: 4325.16990576
n1: 216
v1pa: 20.0239347489
ene0: -1000.08
ene0pa: -4.63
ene1nm: -991.40558
ene1nmpa: -4.61118874419
ene2m: -992.16188
ene2mpa: -4.6147064186
ene3v: -992.17958
ene3vpa: -4.61478874419
evacf: 3.27042
V4: 4309.25220524
vvacf:  4.10623423687
vvacfr:  0.205066301322
