meamfvals: Fe 2.851
v1: 2896.68763137
n1: 250
v1pa: 11.5867505255
ene0: -1069.9995
ene0pa: -4.279998
ene1nm: -1063.3196
ene1nmpa: -4.27035983936
ene2m: -1064.0579
ene2mpa: -4.2733248996
ene3v: -1064.0647
ene3vpa: -4.27335220884
evacf: 1.654802
V4: 2890.59362547
vvacf:  5.49274461576
vvacfr:  0.474053929415
