bulk:  Fe bcc 2.851
subst:  Si 4.63
v1: 2896.68763137
n1: 250
v1pa: 11.5867505255
ene0: -1069.9995
ene0pa: -4.279998
subst n: 14
ene1nm: -1072.6523
ene1nmf: -2.302798
ene2m: -1073.1997
ene2mf: -2.850198
ene3v: -1073.2001
ene3vf: -2.850598
esubf: -2.850598
V4: 2895.23506398
vintf:  10.1341831316
vintfr:  0.874635482077
