bulk:  Al fcc 4.05
subst:  Si 4.63
v1: 8303.765625
n1: 500
v1pa: 16.60753125
ene0: -1676.5
ene0pa: -3.353
subst n: 14
ene1nm: -1677.0942
ene1nmf: 0.6828
ene2m: -1677.2728
ene2mf: 0.5042
ene3v: -1677.2733
ene3vf: 0.5037
esubf: 0.5037
V4: 8299.64472359
vintf:  12.4866298355
vintfr:  0.751865502917
