bulk:  Si dia 5.431
subst:  Cu 3.54
v1: 4325.16990576
n1: 216
v1pa: 20.0239347489
ene0: -1000.08
ene0pa: -4.63
subst n: 29
ene1nm: -996.34146
ene1nmf: 2.64854
ene2m: -997.13987
ene2mf: 1.85013
ene3v: -997.13987
ene3vf: 1.85013
esubf: 1.85013
V4: 4324.98484353
vintf:  19.8388725186
vintfr:  0.990757948794
