meamfvals1: Si 5.431 4.63
meamfvals2: Al 4.05 3.353
v1: 4325.16990576
n1: 216
v1pa: 20.0239347489
ene0: -1000.08
ene0pa: -4.63
subst n: 13
ene1nm: -991.15495
ene1nmf: 7.64805
ene2m: -992.1541
ene2mf: 6.6489
ene3v: -992.24835
ene3vf: 6.55465
esubf: 6.55465
V4: 4361.87585154
vintf:  56.7298805352
vintfr:  2.83310354566
