meamfvals1: Mg 3.2027793 1.51011430257
meamfvals2: Si 5.431 4.63
v1: 11796.9777571
n1: 512
v1pa: 23.0409721818
ene0: -773.17852
ene0pa: -1.51011429688
subst n: 14
ene1nm: -775.74233
ene1nmf: 0.556075703125
ene2m: -776.07152
ene2mf: 0.226885703125
ene3v: -776.07181
ene3vf: 0.226595703125
esubf: 0.226595703125
V4: 11791.4203943
vintf:  17.4836093807
vintfr:  0.758805194622
