meamfvals1: Fe 2.851 4.28
meamfvals2: Fe 2.851 4.28
v1: 2896.68763137
n1: 250
v1pa: 11.5867505255
ene0: -1069.9995
ene0pa: -4.279998
subst n: 26
ene1nm: -1069.9995
ene1nmf: 1.99999999495e-06
ene2m: -1069.9995
ene2mf: 1.99999999495e-06
ene3v: -1069.9995
ene3vf: 1.99999999495e-06
esubf: 1.99999999495e-06
V4: 2896.68763138
vintf:  11.5867505255
vintfr:  1.0
