meamfvals1: Si 5.431 4.63
meamfvals2: Si 5.431 4.63
v1: 4325.16990576
n1: 216
v1pa: 20.0239347489
ene0: -1000.08
ene0pa: -4.63
subst n: 14
ene1nm: -1000.08
ene1nmf: -1.13686837722e-13
ene2m: -1000.08
ene2mf: -1.13686837722e-13
ene3v: -1000.08
ene3vf: -1.13686837722e-13
esubf: -1.13686837722e-13
V4: 4325.16828382
vintf:  20.0223128143
vintfr:  0.999919000209
