meamfvals1: Si 5.431 4.63
meamfvals2: Fe 2.851 4.28
v1: 4325.16990576
n1: 216
v1pa: 20.0239347489
ene0: -1000.08
ene0pa: -4.63
subst n: 26
ene1nm: -998.06129
ene1nmf: 1.66871
ene2m: -998.13275
ene2mf: 1.59725
ene3v: -998.13276
ene3vf: 1.59724
esubf: 1.59724
V4: 4325.6083348
vintf:  20.4623637877
vintfr:  1.02189524907
