meamfvals1: Cu 3.62 3.54
meamfvals2: Fe 2.851 4.28
v1: 5929.741
n1: 500
v1pa: 11.859482
ene0: -1770.0
ene0pa: -3.54
subst n: 26
ene1nm: -1767.6554
ene1nmf: 3.0846
ene2m: -1767.8353
ene2mf: 2.9047
ene3v: -1767.8359
ene3vf: 2.9041
esubf: 2.9041
V4: 5932.52274549
vintf:  14.6412274922
vintfr:  1.23455876844
