el1:  Al
struct:  fcc
lp:  4.05
ecoh:  3.353
surf:  110
size:  (1.0, 1.0, 7.0)
vacuum:  4.0
orig
n1: 7
ene1: -21.799717
ene1pa: -3.11424528571
esub: -3.353
sarea1:  11.5983189784
esurff1:  1154.34415644  mJ/m^2
relaxed
ene2m: -21.827218
ene2mpa: -3.118174
sarea2:  11.5983189784
esurff2m:  1135.34939694  mJ/m^2
