el1:  Si
struct:  dia
lp:  5.431
ecoh:  4.63
surf:  111
size:  (1.0, 1.0, 7.0)
vacuum:  4.0
orig
n1: 7
ene1: -29.284629
ene1pa: -4.18351842857
esub: -4.63
sarea1:  12.772039165
esurff1:  1960.29620067  mJ/m^2
relaxed
ene2m: -29.388284
ene2mpa: -4.19832628571
sarea2:  12.772039165
esurff2m:  1895.28167834  mJ/m^2
