el1:  Si
struct:  diamond
lp:  5.431
ecoh:  4.63
surf:  100
size:  (1.0, 2.0, 12.0)
vacuum:  4.0
orig
n1: 24
ene1: -104.30907
ene1pa: -4.34621125
esub: -4.63
sarea1:  29.495761
esurff1:  1849.81021326  mJ/m^2
relaxed
ene2m: -106.55129
ene2mpa: -4.43963708333
sarea2:  29.495761
esurff2m:  1240.83589457  mJ/m^2
