el1:  Cu
struct:  fcc
lp:  3.62
ecoh:  3.54
surf:  110
size:  (1.0, 1.0, 7.0)
vacuum:  4.0
orig
n1: 7
ene1: -22.87715
ene1pa: -3.26816428571
esub: -3.54
sarea1:  9.26621010338
esurff1:  1645.06390369  mJ/m^2
relaxed
ene2m: -22.91302
ene2mpa: -3.27328857143
sarea2:  9.26621010338
esurff2m:  1614.05334468  mJ/m^2
