el1:  Al
struct:  fcc
surf:  100
size:  (1.0, 1.0, 7.0)
lp:  4.05
vac:  4.0
orig
n1: 7
ene1: -22.420959
ene1pa: -3.20299414286
ecoh_meam: -3.353
sarea1:  8.20125
esurff1:  1025.66743743  mJ/m^2
relaxed
ene2m: -22.421058
ene2mpa: -3.20300828571
sarea2:  8.20125
esurff2m:  1025.57073541  mJ/m^2
