bulk:  Al fcc 4.05
subst:  Mg 1.51011430257
v1: 8303.765625
n1: 500
v1pa: 16.60753125
ene0: -1676.5
ene0pa: -3.353
subst n: 12
ene1nm: -1674.169
ene1nmf: 0.48811430257
ene2m: -1674.5887
ene2mf: 0.0684143025701
ene3v: -1674.5929
ene3vf: 0.06421430257
esubf: 0.06421430257
V4: 8315.80297817
vintf:  28.6448844198
vintfr:  1.72481291702
