bulk:  Al fcc 4.05
subst:  Fe 4.28
v1: 8303.765625
n1: 500
v1pa: 16.60753125
ene0: -1676.5
ene0pa: -3.353
subst n: 26
ene1nm: -1678.3388
ene1nmf: -0.9118
ene2m: -1678.7371
ene2mf: -1.3101
ene3v: -1678.7388
ene3vf: -1.3118
esubf: -1.3118
V4: 8296.093157
vintf:  8.93506325316
vintfr:  0.538012731613
