meamfvals1: Mg 3.2027793 1.51011430257
meamfvals2: Fe 2.851 4.28
v1: 11796.9777571
n1: 512
v1pa: 23.0409721818
ene0: -773.17852
ene0pa: -1.51011429688
subst n: 26
ene1nm: -774.01778
ene1nmf: 1.93062570312
ene2m: -774.40207
ene2mf: 1.54633570313
ene3v: -774.40332
ene3vf: 1.54508570312
esubf: 1.54508570312
V4: 11785.459778
vintf:  11.5229931312
vintfr:  0.50010880792
