meamfvals1: Cu 3.62 3.54
meamfvals2: Si 5.431 4.63
v1: 5929.741
n1: 500
v1pa: 11.859482
ene0: -1770.0
ene0pa: -3.54
subst n: 14
ene1nm: -1770.0486
ene1nmf: 1.0414
ene2m: -1770.255
ene2mf: 0.835
ene3v: -1770.2586
ene3vf: 0.8314
esubf: 0.8314
V4: 5936.79535511
vintf:  18.913837115
vintfr:  1.59482826611
