bulk:  Al fcc 4.05
subst:  Mg 1.51011430257
v1: 8303.765625
n1: 500
v1pa: 16.60753125
ene0: -1676.5
ene0pa: -3.353
subst n: 12
ene1nm: -1674.3273
ene1nmf: 0.32981430257
ene2m: -1674.8427
ene2mf: -0.18558569743
ene3v: -1674.846
ene3vf: -0.18888569743
esubf: -0.18888569743
V4: 8314.32865252
vintf:  27.1705587714
vintfr:  1.63603839501
