bulk:  Al fcc 4.05
subst:  Cu 3.54
v1: 8303.765625
n1: 500
v1pa: 16.60753125
ene0: -1676.5
ene0pa: -3.353
subst n: 29
ene1nm: -1677.6094
ene1nmf: -0.9224
ene2m: -1677.7924
ene2mf: -1.1054
ene3v: -1677.796
ene3vf: -1.109
esubf: -1.109
V4: 8292.6608294
vintf:  5.50273565325
vintfr:  0.331339774131
