bulk:  Fe bcc 2.851
subst:  Al 3.353
v1: 2896.68763137
n1: 250
v1pa: 11.5867505255
ene0: -1069.9995
ene0pa: -4.279998
subst n: 13
ene1nm: -1068.1007
ene1nmf: 0.971802
ene2m: -1068.2635
ene2mf: 0.809002
ene3v: -1068.2643
ene3vf: 0.808202
esubf: 0.808202
V4: 2898.77054504
vintf:  13.6696641934
vintfr:  1.17976685209
