bulk:  Al fcc 4.05
subst:  Si 4.63
v1: 8303.765625
n1: 500
v1pa: 16.60753125
ene0: -1676.5
ene0pa: -3.353
subst n: 14
ene1nm: -1677.1626
ene1nmf: 0.6144
ene2m: -1677.2792
ene2mf: 0.4978
ene3v: -1677.28
ene3vf: 0.497
esubf: 0.497
V4: 8298.61743197
vintf:  11.4593382191
vintfr:  0.69000852966
