bulk:  Cu fcc 3.62
subst:  Al 3.353
v1: 5929.741
n1: 500
v1pa: 11.859482
ene0: -1770.0
ene0pa: -3.54
subst n: 13
ene1nm: -1768.5161
ene1nmf: 1.2969
ene2m: -1768.999
ene2mf: 0.814
ene3v: -1769.006
ene3vf: 0.807
esubf: 0.807
V4: 5939.55259291
vintf:  21.6710749108
vintfr:  1.82732052806
