meamfvals1: Mg 3.2027793 1.51011430257
meamfvals2: Al 4.05 3.353
v1: 11796.9777571
n1: 512
v1pa: 23.0409721818
ene0: -773.17852
ene0pa: -1.51011429688
subst n: 13
ene1nm: -775.50487
ene1nmf: -0.483464296875
ene2m: -775.69686
ene2mf: -0.675454296875
ene3v: -775.69705
ene3vf: -0.675644296875
esubf: -0.675644296875
V4: 11792.631885
vintf:  18.695100139
vintfr:  0.811385040157
