bulk:  Si dia 5.431
subst:  Al 3.353
v1: 4325.16990576
n1: 216
v1pa: 20.0239347489
ene0: -1000.08
ene0pa: -4.63
subst n: 13
ene1nm: -990.75523
ene1nmf: 8.04777
ene2m: -991.74819
ene2mf: 7.05481
ene3v: -991.85129
ene3vf: 6.95171
esubf: 6.95171
V4: 4363.5349348
vintf:  58.3889637957
vintfr:  2.915958553
