meamfvals1: Al 4.05 3.353
meamfvals2: Fe 2.851 4.28
v1: 8303.765625
n1: 500
v1pa: 16.60753125
ene0: -1676.5
ene0pa: -3.353
subst n: 26
ene1nm: -1678.41
ene1nmf: -0.983
ene2m: -1678.625
ene2mf: -1.198
ene3v: -1678.6277
ene3vf: -1.2007
esubf: -1.2007
V4: 8294.17615673
vintf:  7.01806298443
vintfr:  0.42258315693
