el1:  Al
struct:  fcc
lp:  4.05
ecoh:  3.353
surf:  111
size:  (1.0, 1.0, 7.0)
vacuum:  4.0
orig
n1: 7
ene1: -22.817369
ene1pa: -3.25962414286
esub: -3.353
sarea1:  7.10249084279
esurff1:  737.228847634  mJ/m^2
relaxed
ene2m: -22.822945
ene2mpa: -3.26042071429
sarea2:  7.10249084279
esurff2m:  730.939690519  mJ/m^2
