el1:  Al
struct:  fcc
surf:  110
size:  (1.0, 1.0, 7.0)
lp:  4.05
vac:  4.0
orig
n1: 7
ene1: -21.920714
ene1pa: -3.13153057143
ecoh_meam: -3.353
sarea1:  11.5983189784
esurff1:  1070.77232576  mJ/m^2
relaxed
ene2m: -21.96617
ene2mpa: -3.13802428571
sarea2:  11.5983189784
esurff2m:  1039.37616606  mJ/m^2
