bulk:  Al fcc 4.05
interst:  Al
v1: 8303.765625
n1: 500
v1pa: 16.60753125
ene0: -1676.5
ene0pa: -3.353
ene1nm: -1658.7971
ene1nmpa: -3.31097225549
ene2m: -1676.5121
ene2mpa: -3.34633153693
ene3v: -1676.5343
ene3vpa: -3.3463758483
eintf: 3.3187
V4: 8331.164424
vintf:  10.7912677457
vintfr:  0.649781570979
