bulk:  Cu fcc 3.63908232
interst:  Cu
v1: 6024.00956457
n1: 500
v1pa: 12.0480191291
ene0: -1641.5581
ene0pa: -3.2831162
ene1nm: -1625.3695
ene1nmpa: -3.244250499
ene2m: -1642.029
ene2mpa: -3.27750299401
ene3v: -1642.0476
ene3vpa: -3.27754011976
eintf: 2.7936162
V4: 6039.87324845
vintf:  3.81566475322
vintfr:  0.316704738955
