Cu 3.63908232
v1: 6024.00956457
n1: 500
v1pa: 12.0480191291
ene0: -1641.5581
ene0pa: -3.2831162
ene1nm: -1609.9387
ene1nmpa: -3.213450499
ene2m: -1641.8379
ene2mpa: -3.27712155689
ene3v: -1641.8562
ene3vpa: -3.27715808383
eintf: 2.9850162
V4: 6039.68323261
vintf:  3.62564891326
vintfr:  0.300933196935
