Cu 3.63908232
v1: 6024.00956457
n1: 500
v1pa: 12.0480191291
ene0: -1641.5581
ene0pa: -3.2831162
ene1nm: -1636.5587
ene1nmpa: -3.26658423154
ene2m: -1641.854
ene2mpa: -3.27715369261
ene3v: -1641.8703
ene3vpa: -3.27718622754
eintf: 2.9709162
V4: 6038.86890994
vintf:  2.81132624079
vintfr:  0.233343440996
